-0.000973 -0.320736 0.018829
-0.089210 -0.411680 0.013686
0.087039 -0.417529 0.012536
0.006558 -0.212368 -0.015538
-0.156542 -0.760253 -0.208776
0.134420 -0.807861 0.147687
-0.013687 -0.125954 -0.008988
-0.149773 -1.117907 -0.479133
0.099997 -1.230173 0.261837
0.003893 -0.099701 0.046528
-0.167524 -1.201445 -0.381872
0.153136 -1.249368 0.372588
0.020068 0.124638 0.045274
-0.052021 0.031948 0.068268
0.074658 0.024075 0.030440
0.031492 0.263703 0.097681
-0.174440 0.054595 0.050139
0.183606 0.022117 -0.044676
-0.242019 -0.256159 0.062168
0.112212 -0.201428 -0.239499
-0.221186 -0.361089 0.295051
0.173524 -0.419185 -0.359744
0.173524 -0.419185 -0.359744
0.173524 -0.419185 -0.359744
0.058022 0.243525 0.215305
0.022070 0.290306 0.195059
0.090963 0.281424 0.180052
0.103647 0.259924 0.074854
-0.035159 0.284560 0.107398
